
hx=[-8.41300000000000
-12.6510000000000
-23.7810000000000
-21.3990000000000
-19.8790000000000
-18.2790000000000
-18.0590000000000
-18.8240000000000
-18.4160000000000
-15.3680000000000
-24.4470000000000
-13.2480000000000
-14.7040000000000
-14.1730000000000
-15.1600000000000
-16.0450000000000
-13.8320000000000
-32.5750000000000
-31.2980000000000
-27.1790000000000
-25.6560000000000
-23.6380000000000
-21.8440000000000
-22.0720000000000
-19.9220000000000
-16.5550000000000
-13.3810000000000
-6.41700000000000
-10.8070000000000
-12.8120000000000
-13.9750000000000
-15.3520000000000
-5.83800000000000
-34.6670000000000
-32.3220000000000
-27.9900000000000
-22.6090000000000
-21.1050000000000
-20.9860000000000
-18.2140000000000
-16.8700000000000
-15.1000000000000
-9.13600000000000
-10.3080000000000
-8.29500000000000
-13.7730000000000
-14.5450000000000]
XC2=[0
0.0200000000000000
0.0300000000000000
0.0500000000000000
0.100000000000000
0.180000000000000
0.310000000000000
0.440000000000000
0.720000000000000
0.860000000000000
1
0.0400000000000000
0.0900000000000000
0.170000000000000
0.300000000000000
0.570000000000000]

XC1=[0
0.0130000000000000
0.0270000000000000
0.0410000000000000
0.0830000000000000
0.160000000000000
0.284000000000000
0.409000000000000
0.666000000000000
0.770000000000000
1
0.909000000000000
0.895000000000000
0.826000000000000
0.701000000000000
0.437000000000000]
XC3=[
0
0.0190000000000000
0.0480000000000000
0.0770000000000000
0.145000000000000
0.262000000000000
0.378000000000000
0.631000000000000
0.766000000000000
1
0.932000000000000
0.893000000000000
0.825000000000000
0.718000000000000
0.475000000000000
0]